year,CD_rate,change
2012,3.3,-0.14
2013,2.72,-0.58
2014,2.49,-0.23
2015,1.76,-0.73
2016,1.49,-0.27
2017,1.44,-0.05
2018,1.68,0.24
2019.3,1.9,0.03
2019.4,1.86,-0.04
2019.5,1.84,-0.02
2019.6,1.8,-0.04
2019.7,1.68,-0.12
2019.8,1.49,-0.19
2019.9,1.54,0.05
2019.9.30,1.55,0.0
2019.10.1,1.55,0.0
2019.10.2,1.55,0.0
2019.10.4,1.55,0.0
2019.10.7,1.55,0.0
2019.10.8,1.55,0.0
